# GIMP colorrc
# 
# This file holds a list of recently used colors.

(color-history
    (color-rgba 0 0 0 1)
    (color-rgba 0.50196081399917603 0.50196081399917603 0.50196081399917603 1)
    (color-rgba 0.82745099067687988 0.82745099067687988 0.82745099067687988 1)
    (color-rgba 1 1 1 1)
    (color-rgba 0.29019609093666077 0.29019609093666077 0.29019609093666077 1)
    (color-rgba 0.9529411792755127 0.65882354974746704 0.20000000298023224 1)
    (color-rgba 1 0.81960784313725488 0.83529411764705885 1)
    (color-rgba 0.67450982332229614 0.15686275064945221 0.27843138575553894 1)
    (color-rgba 0.21176470816135406 0.77254903316497803 0.95686274766921997 1)
    (color-rgba 0.36862745881080627 0.35686275362968445 0.54901963472366333 1)
    (color-rgba 0.30196079611778259 0.20784313976764679 0.20000000298023224 1)
    (color-rgba 0.41960784792900085 0.14901961386203766 0.26274511218070984 1)
    (color-rgba 0.84705883264541626 0.84705883264541626 0.84705883264541626 1)
    (color-rgba 0.92549019607843142 0.15294117647058825 0.24705882352941178 1)
    (color-rgba 0.24313725531101227 0.23137255012989044 0.3960784375667572 1)
    (color-rgba 0.80784314870834351 0.57254904508590698 0.28235295414924622 1)
    (color-rgba 0.87058823529411766 0.36470588235294116 0.22745098039215686 1)
    (color-rgba 0.85490196078431369 0.69411764705882351 0.38823529411764707 1)
    (color-rgba 0.63529411764705879 0.42745098039215684 0.24705882352941178 1)
    (color-rgba 0.84693817755640199 0.84693817755640199 0.84693817755640199 1)
    (color-rgba 0.98039215686274506 0.43137254901960786 0.47450980392156861 1)
    (color-rgba 0.70980393886566162 0.31372550129890442 0.53333336114883423 1)
    (color-rgba 0.60392156862745094 0.30196078431372547 0.46274509803921571 1)
    (color-rgba 0.9137254901960784 0.52156862745098043 0.21568627450980393 1)
    (color-rgba 0.17254901960784313 0.11764705882352941 0.19215686274509805 1)
    (color-rgba 0.2196078431372549 0.34901960784313724 0.70196078431372544 1)
    (color-rgba 0.14901960784313725 0.16862745098039217 0.26666666666666666 1)
    (color-rgba 0.22745098039215686 0.26666666666666666 0.40000000000000002 1)
    (color-rgba 0.98776606616251572 0 0 1)
    (color-rgba 0.29189189189189191 0.29189189189189191 0.29189189189189191 1)
    (color-rgba 0.4392156862745098 0.50196078431372548 0.56470588235294117 1)
    (color-rgba 0.76078431372549016 0.52156862745098043 0.41176470588235292 1)
    (color-rgba 0.54509803921568623 0.60784313725490191 0.70588235294117652 1)
    (color-rgba 0.91764705882352937 0.83137254901960789 0.66666666666666663 1)
    (color-rgba 0.3843137254901961 0.33333333333333331 0.396078431372549 1)
    (color-rgba 0.43137254901960786 0.29803921568627451 0.18823529411764706 1)
    (color-rgba 0.58039215686274515 0.28627450980392155 0.22745098039215686 1)
    (color-rgba 0.37647059559822083 0.37254902720451355 0.47058823704719543 1)
    (color-rgba 0.96862745098039216 0.95294117647058818 0.71764705882352942 1)
    (color-rgba 0.69019607843137254 0.65490196078431373 0.72156862745098038 1)
    (color-rgba 0.20000000000000001 0.53333333333333333 0.87058823529411766 1)
    (color-rgba 0.11764705882352941 0.25098039215686274 0.26666666666666666 1)
    (color-rgba 0.3843137254901961 0.64313725490196083 0.46666666666666667 1)
    (color-rgba 0.82745098039215681 0.93333333333333335 0.82745098039215681 1)
    (color-rgba 0 0.54509803921568623 0.54509803921568623 1)
    (color-rgba 1 0.63529411764705879 0.67450980392156867 1)
    (color-rgba 0.90588235855102539 0.79607844352722168 0.56078433990478516 1)
    (color-rgba 0.90980392156862744 0.82352941176470584 0.50980392156862742 1)
    (color-rgba 0.30980392156862746 0.30980392156862746 0.30980392156862746 1)
    (color-rgba 0.027450980392156862 0.027450980392156862 0.027450980392156862 1)
    (color-rgba 0.49803921568627452 0.49803921568627452 0.49803921568627452 1)
    (color-rgba 0.062745098039215685 0.070588235294117646 0.10980392156862745 1)
    (color-rgba 0.5490196078431373 0.47058823529411764 0.6470588235294118 1)
    (color-rgba 1 0.7756560098627463 0.009828517458162378 1)
    (color-rgba 0.35294117647058826 0.70980392156862748 0.32156862745098042 1)
    (color-rgba 0.78431372549019607 0.47058823529411764 0.68627450980392157 1)
    (color-rgba 0.72156862745098038 0.43529411764705883 0.31372549019607843 1)
    (color-rgba 0.89411764705882357 0.65098039215686276 0.44705882352941179 1)
    (color-rgba 0.90980392156862744 0.71764705882352942 0.58823529411764708 1)
    (color-rgba 0.75 0.65548098434004465 0.42281879194630878 1)
    (color-rgba 0.97037037037037033 0.84807910072637871 0.54705443698732292 1)
    (color-rgba 0.17254902422428131 0.17254902422428131 0.62745100259780884 1)
    (color-rgba 0.011764706112444401 0.011764706112444401 0.011764706112444401 1)
    (color-rgba 0.11764706671237946 0.10196079313755035 0.23921570181846619 1)
    (color-rgba 0.25098039215686274 0.26666666666666666 0.27843137254901962 1)
    (color-rgba 0.074509806931018829 0 0.12549020349979401 1)
    (color-rgba 1 0.82745099067687988 0.098039217293262482 1)
    (color-rgba 0.94901961088180542 0.13333334028720856 1 1)
    (color-rgba 0.54901963472366333 0.11764705926179886 1 1)
    (color-rgba 1 0.16078431372549021 0.45882352941176469 1)
    (color-rgba 1 0.56470588235294117 0.12156862745098039 1)
    (color-rgba 1 0.84313725490196079 0 1)
    (color-rgba 0.71764705882352942 0.71764705882352942 0.71764705882352942 1)
    (color-rgba 1 0 0 1)
    (color-rgba 0.87450981140136719 0.82352942228317261 0.78039216995239258 1)
    (color-rgba 1 1 1 6.938948473592275e-310)
    (color-rgba 0.062745094299316406 0.12941177189350128 0.24705882370471954 1)
    (color-rgba 0.066666670143604279 0.13333334028720856 0.25490197539329529 1))

# end of colorrc
